Geo_Name,Geo_QName,Geo_SUMLEV,Geo_FIPS,Geo_state,Geo_county,SE_T001_001,SE_T009_001,SE_T009_002,SE_T009_003,SE_T009_004,SE_T050_001,SE_T051_001,SE_T051_002,SE_T051_003,SE_T051_004,SE_T051_005,SE_T056_001,SE_T056_002,SE_T056_003
"1","Census Tract 1, Camden County, New Jersey","140","3400700010000","34","007",4042,4042,4042,0,0,1128,1128,1087,41,40,1,1087,445,642
"2","Census Tract 2, Camden County, New Jersey","140","3400700020000","34","007",4428,4428,4424,4,0,1142,1142,1125,17,16,1,1125,434,691
"3","Census Tract 3, Camden County, New Jersey","140","3400700030000","34","007",4003,4003,4003,0,0,1084,1084,1058,26,25,1,1058,444,614
"4","Census Tract 4, Camden County, New Jersey","140","3400700040000","34","007",4446,4446,4185,261,0,1277,1277,1251,26,25,1,1251,327,924
"5","Census Tract 5, Camden County, New Jersey","140","3400700050000","34","007",6058,6058,5904,152,2,1697,1697,1638,59,57,2,1638,549,1089
"6","Census Tract 6, Camden County, New Jersey","140","3400700060000","34","007",6296,6296,6293,2,1,1792,1792,1755,37,35,2,1755,735,1020
"7","Census Tract 7, Camden County, New Jersey","140","3400700070000","34","007",6463,6463,6439,23,1,1939,1939,1864,75,75,0,1864,654,1210
"8","Census Tract 8, Camden County, New Jersey","140","3400700080000","34","007",4577,4577,4574,0,3,1275,1275,1216,59,59,0,1216,427,789
"9","Census Tract 9, Camden County, New Jersey","140","3400700090000","34","007",5779,5779,5768,0,11,1656,1656,1592,64,63,1,1592,492,1100
"10","Census Tract 10, Camden County, New Jersey","140","3400700100000","34","007",5556,5556,3985,1565,6,1532,1532,1456,76,76,0,1456,382,1074
"11","Census Tract 11, Camden County, New Jersey","140","3400700110000","34","007",5703,5703,5016,678,9,1706,1706,1608,98,96,2,1608,365,1243
"12","Census Tract 12, Camden County, New Jersey","140","3400700120000","34","007",5181,5181,4295,881,5,1180,1180,1139,41,41,0,1139,513,626
"13","Census Tract 13, Camden County, New Jersey","140","3400700130000","34","007",3538,3538,1936,1597,5,844,844,810,34,34,0,810,176,634
"14","Census Tract 14, Camden County, New Jersey","140","3400700140000","34","007",5478,5478,5247,231,0,1305,1305,1281,24,22,2,1281,577,704
"15","Census Tract 15, Camden County, New Jersey","140","3400700150000","34","007",4282,4282,2478,1802,2,1143,1143,1118,25,25,0,1118,354,764
"16","Census Tract 16, Camden County, New Jersey","140","3400700160000","34","007",4106,4106,2412,1688,6,1131,1131,1101,30,29,1,1101,379,722
"17","Census Tract 17, Camden County, New Jersey","140","3400700170000","34","007",4929,4929,3272,1650,7,1270,1270,1244,26,26,0,1244,371,873
"18","Census Tract 18, Camden County, New Jersey","140","3400700180000","34","007",5467,5467,3930,1533,4,1321,1321,1282,39,38,1,1282,497,785
"19","Census Tract 19, Camden County, New Jersey","140","3400700190000","34","007",4031,4031,3685,345,1,963,963,945,18,17,1,945,533,412
"20","Census Tract 20, Camden County, New Jersey","140","3400700200000","34","007",5329,5329,5303,26,0,1457,1457,1394,63,57,6,1394,652,742
"21","Census Tract 21, Camden County, New Jersey","140","3400700210000","34","007",4357,4357,4354,3,0,1052,1052,1033,19,19,0,1033,577,456
"22","Census Tract 22, Camden County, New Jersey","140","3400700220000","34","007",4393,4393,4387,6,0,1062,1062,1038,24,24,0,1038,529,509
"23","Census Tract 23, Camden County, New Jersey","140","3400700230000","34","007",2958,2958,2958,0,0,732,732,711,21,19,2,711,285,426
"24","Census Tract 24, Camden County, New Jersey","140","3400700240000","34","007",6136,6136,6105,31,0,1752,1752,1732,20,20,0,1732,657,1075
"1A","Census Tract 1A, Philadelphia County, Pennsylvania","140","4210100101000","42","101",582,582,581,1,0,159,159,135,24,24,0,135,32,103
"1B","Census Tract 1B, Philadelphia County, Pennsylvania","140","4210100102000","42","101",16378,16378,16172,199,7,4182,4182,4034,148,144,4,4034,1504,2530
"1C","Census Tract 1C, Philadelphia County, Pennsylvania","140","4210100103000","42","101",19667,19667,19415,251,1,4595,4595,4462,133,121,12,4462,2318,2144
"2A","Census Tract 2A, Philadelphia County, Pennsylvania","140","4210100201000","42","101",9818,9818,8147,1669,2,2495,2495,2399,96,95,1,2399,666,1733
"2B","Census Tract 2B, Philadelphia County, Pennsylvania","140","4210100202000","42","101",10876,10876,10170,703,3,2633,2633,2518,115,111,4,2518,952,1566
"2C","Census Tract 2C, Philadelphia County, Pennsylvania","140","4210100203000","42","101",1534,1534,824,710,0,410,410,388,22,22,0,388,84,304
"3A","Census Tract 3A, Philadelphia County, Pennsylvania","140","4210100301000","42","101",10776,10776,9520,1253,3,3004,3004,2785,219,212,7,2785,746,2039
"3B","Census Tract 3B, Philadelphia County, Pennsylvania","140","4210100302000","42","101",2274,2274,967,1306,1,857,857,824,33,33,0,824,120,704
"4A","Census Tract 4A, Philadelphia County, Pennsylvania","140","4210100401000","42","101",8588,8588,7219,1367,2,2457,2457,2296,161,161,0,2296,495,1801
"4B","Census Tract 4B, Philadelphia County, Pennsylvania","140","4210100402000","42","101",2175,2175,386,1787,2,1011,1011,959,52,52,0,959,26,933
"5A","Census Tract 5A, Philadelphia County, Pennsylvania","140","4210100501000","42","101",7142,7142,6371,759,12,1829,1829,1740,89,89,0,1740,317,1423
"6A","Census Tract 6A, Philadelphia County, Pennsylvania","140","4210100601000","42","101",835,835,627,207,1,257,257,234,23,23,0,234,27,207
"7A","Census Tract 7A, Philadelphia County, Pennsylvania","140","4210100701000","42","101",5015,5015,4506,493,16,1744,1744,1555,189,185,4,1555,107,1448
"7B","Census Tract 7B, Philadelphia County, Pennsylvania","140","4210100702000","42","101",5412,5412,1493,3906,13,2254,2254,2062,192,190,2,2062,86,1976
"7C","Census Tract 7C, Philadelphia County, Pennsylvania","140","4210100703000","42","101",3607,3607,3404,196,7,1381,1381,1234,147,145,2,1234,306,928
"7D","Census Tract 7D, Philadelphia County, Pennsylvania","140","4210100704000","42","101",5884,5884,2276,3600,8,1788,1788,1691,97,96,1,1691,215,1476
"8A","Census Tract 8A, Philadelphia County, Pennsylvania","140","4210100801000","42","101",2350,2350,2294,55,1,1040,1040,798,242,212,30,798,25,773
"8B","Census Tract 8B, Philadelphia County, Pennsylvania","140","4210100802000","42","101",8255,8255,7778,465,12,3587,3587,3071,516,479,37,3071,223,2848
"9A","Census Tract 9A, Philadelphia County, Pennsylvania","140","4210100901000","42","101",243,243,234,9,0,36,36,36,0,0,0,36,1,35
"9B","Census Tract 9B, Philadelphia County, Pennsylvania","140","4210100902000","42","101",985,985,973,12,0,308,308,283,25,25,0,283,4,279
"10A","Census Tract 10A, Philadelphia County, Pennsylvania","140","4210101001000","42","101",4367,4367,3783,314,270,613,613,472,141,140,1,472,36,436
"10B","Census Tract 10B, Philadelphia County, Pennsylvania","140","4210101002000","42","101",4288,4288,4142,111,35,1309,1309,1165,144,144,0,1165,94,1071
"11A","Census Tract 11A, Philadelphia County, Pennsylvania","140","4210101101000","42","101",2544,2544,2218,322,4,803,803,720,83,82,1,720,125,595
"11B","Census Tract 11B, Philadelphia County, Pennsylvania","140","4210101102000","42","101",1196,1196,831,364,1,377,377,336,41,41,0,336,30,306
"12A","Census Tract 12A, Philadelphia County, Pennsylvania","140","4210101201000","42","101",3569,3569,2995,549,25,1193,1193,1070,123,123,0,1070,200,870
"12B","Census Tract 12B, Philadelphia County, Pennsylvania","140","4210101202000","42","101",2309,2309,2015,294,0,695,695,614,81,81,0,614,116,498
"13A","Census Tract 13A, Philadelphia County, Pennsylvania","140","4210101301000","42","101",5849,5849,3394,2441,14,1763,1763,1689,74,71,3,1689,234,1455
"13B","Census Tract 13B, Philadelphia County, Pennsylvania","140","4210101302000","42","101",4878,4878,3463,1405,10,1794,1794,1628,166,162,4,1628,118,1510
"14A","Census Tract 14A, Philadelphia County, Pennsylvania","140","4210101401000","42","101",7406,7406,3572,3814,20,2096,2096,2024,72,64,8,2024,244,1780
"14B","Census Tract 14B, Philadelphia County, Pennsylvania","140","4210101402000","42","101",2307,2307,1963,303,41,559,559,518,41,38,3,518,76,442
"15A","Census Tract 15A, Philadelphia County, Pennsylvania","140","4210101501000","42","101",15187,15187,13620,1521,46,6733,6733,5865,868,864,4,5865,624,5241
"15B","Census Tract 15B, Philadelphia County, Pennsylvania","140","4210101502000","42","101",2544,2544,2325,209,10,779,779,703,76,76,0,703,80,623
"15C","Census Tract 15C, Philadelphia County, Pennsylvania","140","4210101503000","42","101",9713,9713,7694,2014,5,2781,2781,2526,255,250,5,2526,592,1934
"15D","Census Tract 15D, Philadelphia County, Pennsylvania","140","4210101504000","42","101",10678,10678,10630,47,1,3231,3231,2707,524,521,3,2707,1057,1650
"15E","Census Tract 15E, Philadelphia County, Pennsylvania","140","4210101505000","42","101",5,5,3,2,0,3,3,3,0,0,0,3,0,3
"16A","Census Tract 16A, Philadelphia County, Pennsylvania","140","4210101601000","42","101",8157,8157,7863,290,4,2379,2379,2194,185,179,6,2194,553,1641
"17A","Census Tract 17A, Philadelphia County, Pennsylvania","140","4210101701000","42","101",10218,10218,10048,161,9,2990,2990,2767,223,219,4,2767,634,2133
"18A","Census Tract 18A, Philadelphia County, Pennsylvania","140","4210101801000","42","101",4740,4740,4731,7,2,1254,1254,1184,70,65,5,1184,419,765
"18B","Census Tract 18B, Philadelphia County, Pennsylvania","140","4210101802000","42","101",7031,7031,7028,3,0,1844,1844,1776,68,65,3,1776,793,983
"18C","Census Tract 18C, Philadelphia County, Pennsylvania","140","4210101803000","42","101",4028,4028,4027,0,1,1082,1082,1033,49,49,0,1033,426,607
"18D","Census Tract 18D, Philadelphia County, Pennsylvania","140","4210101804000","42","101",4450,4450,4450,0,0,1064,1064,1014,50,49,1,1014,535,479
"19A","Census Tract 19A, Philadelphia County, Pennsylvania","140","4210101901000","42","101",17128,17128,16596,507,25,4652,4652,4465,187,172,15,4465,1641,2824
"19B","Census Tract 19B, Philadelphia County, Pennsylvania","140","4210101902000","42","101",10712,10712,10564,135,13,3207,3207,3074,133,130,3,3074,1189,1885
"19C","Census Tract 19C, Philadelphia County, Pennsylvania","140","4210101903000","42","101",12854,12854,12679,161,14,3435,3435,3251,184,179,5,3251,1163,2088
"20A","Census Tract 20A, Philadelphia County, Pennsylvania","140","4210102001000","42","101",14526,14526,12068,2426,32,4711,4711,4309,402,398,4,4309,890,3419
"20B","Census Tract 20B, Philadelphia County, Pennsylvania","140","4210102002000","42","101",11681,11681,1759,9901,21,3345,3345,3143,202,202,0,3143,327,2816
"20C","Census Tract 20C, Philadelphia County, Pennsylvania","140","4210102003000","42","101",2718,2718,1055,1654,9,867,867,814,53,51,2,814,95,719
"20D","Census Tract 20D, Philadelphia County, Pennsylvania","140","4210102004000","42","101",11440,11440,6490,4939,11,3376,3376,3189,187,186,1,3189,504,2685
"21A","Census Tract 21A, Philadelphia County, Pennsylvania","140","4210102101000","42","101",955,955,928,27,0,493,493,373,120,117,3,373,38,335
"21B","Census Tract 21B, Philadelphia County, Pennsylvania","140","4210102102000","42","101",1039,1039,1019,20,0,257,257,246,11,11,0,246,135,111
"21C","Census Tract 21C, Philadelphia County, Pennsylvania","140","4210102103000","42","101",53,53,53,0,0,15,15,14,1,0,1,14,1,13
"21D","Census Tract 21D, Philadelphia County, Pennsylvania","140","4210102104000","42","101",271,271,271,0,0,71,71,69,2,2,0,69,40,29
"21E","Census Tract 21E, Philadelphia County, Pennsylvania","140","4210102105000","42","101",311,311,308,3,0,84,84,84,0,0,0,84,43,41
"21F","Census Tract 21F, Philadelphia County, Pennsylvania","140","4210102106000","42","101",187,187,186,0,1,51,51,48,3,3,0,48,12,36
"21G","Census Tract 21G, Philadelphia County, Pennsylvania","140","4210102107000","42","101",279,279,279,0,0,77,77,71,6,6,0,71,26,45
"21H","Census Tract 21H, Philadelphia County, Pennsylvania","140","4210102108000","42","101",109,109,90,19,0,27,27,27,0,0,0,27,10,17
"21I","Census Tract 21I, Philadelphia County, Pennsylvania","140","4210102109000","42","101",175,175,175,0,0,49,49,48,1,1,0,48,15,33
"21J","Census Tract 21J, Philadelphia County, Pennsylvania","140","4210102110000","42","101",546,546,546,0,0,158,158,152,6,6,0,152,99,53
"21K","Census Tract 21K, Philadelphia County, Pennsylvania","140","4210102111000","42","101",237,237,233,4,0,56,56,53,3,3,0,53,38,15
"21L","Census Tract 21L, Philadelphia County, Pennsylvania","140","4210102112000","42","101",108,108,108,0,0,27,27,26,1,1,0,26,13,13
"21M","Census Tract 21M, Philadelphia County, Pennsylvania","140","4210102113000","42","101",334,334,334,0,0,78,78,78,0,0,0,78,30,48
"21N","Census Tract 21N, Philadelphia County, Pennsylvania","140","4210102114000","42","101",3769,3769,3686,82,1,848,848,838,10,9,1,838,449,389
"21O","Census Tract 21O, Philadelphia County, Pennsylvania","140","4210102115000","42","101",1609,1609,1609,0,0,427,427,422,5,5,0,422,233,189
"21P","Census Tract 21P, Philadelphia County, Pennsylvania","140","4210102116000","42","101",821,821,817,4,0,216,216,212,4,3,1,212,148,64
"21Q","Census Tract 21Q, Philadelphia County, Pennsylvania","140","4210102117000","42","101",2058,2058,2023,33,2,564,564,555,9,9,0,555,325,230
"21R","Census Tract 21R, Philadelphia County, Pennsylvania","140","4210102118000","42","101",4985,4985,4937,48,0,1269,1269,1250,19,16,3,1250,747,503
"21S","Census Tract 21S, Philadelphia County, Pennsylvania","140","4210102119000","42","101",7232,7232,6785,447,0,1675,1675,1628,47,46,1,1628,877,751
"21T","Census Tract 21T, Philadelphia County, Pennsylvania","140","4210102120000","42","101",8202,8202,8079,123,0,1920,1920,1888,32,32,0,1888,1028,860
"21U","Census Tract 21U, Philadelphia County, Pennsylvania","140","4210102121000","42","101",1782,1782,1781,1,0,498,498,489,9,8,1,489,247,242
"21V","Census Tract 21V, Philadelphia County, Pennsylvania","140","4210102122000","42","101",4317,4317,4310,7,0,1135,1135,1088,47,45,2,1088,571,517
"22A","Census Tract 22A, Philadelphia County, Pennsylvania","140","4210102201000","42","101",6077,6077,5656,420,1,1502,1502,1452,50,50,0,1452,604,848
"22B","Census Tract 22B, Philadelphia County, Pennsylvania","140","4210102202000","42","101",706,706,702,4,0,162,162,160,2,2,0,160,66,94
"22C","Census Tract 22C, Philadelphia County, Pennsylvania","140","4210102203000","42","101",758,758,756,2,0,204,204,189,15,15,0,189,93,96
"22D","Census Tract 22D, Philadelphia County, Pennsylvania","140","4210102204000","42","101",2823,2823,2799,23,1,938,938,842,96,96,0,842,425,417
"22E","Census Tract 22E, Philadelphia County, Pennsylvania","140","4210102205000","42","101",2641,2641,2602,36,3,794,794,744,50,49,1,744,444,300
"22F","Census Tract 22F, Philadelphia County, Pennsylvania","140","4210102206000","42","101",2749,2749,2712,35,2,784,784,754,30,28,2,754,581,173
"22G","Census Tract 22G, Philadelphia County, Pennsylvania","140","4210102207000","42","101",2082,2082,2036,46,0,508,508,495,13,13,0,495,219,276
"22H","Census Tract 22H, Philadelphia County, Pennsylvania","140","4210102208000","42","101",2065,2065,2048,14,3,554,554,523,31,31,0,523,285,238
"22I","Census Tract 22I, Philadelphia County, Pennsylvania","140","4210102209000","42","101",867,867,833,30,4,128,128,117,11,11,0,117,102,15
"22J","Census Tract 22J, Philadelphia County, Pennsylvania","140","4210102210000","42","101",541,541,516,25,0,66,66,62,4,4,0,62,39,23
"22K","Census Tract 22K, Philadelphia County, Pennsylvania","140","4210102211000","42","101",26,26,26,0,0,5,5,5,0,0,0,5,0,5
"22L","Census Tract 22L, Philadelphia County, Pennsylvania","140","4210102212000","42","101",0,0,0,0,0,0,0,0,0,0,0,0,0,0
"22M","Census Tract 22M, Philadelphia County, Pennsylvania","140","4210102213000","42","101",30,30,30,0,0,5,5,5,0,0,0,5,3,2
"22N","Census Tract 22N, Philadelphia County, Pennsylvania","140","4210102214000","42","101",105,105,104,1,0,25,25,24,1,1,0,24,20,4
"22O","Census Tract 22O, Philadelphia County, Pennsylvania","140","4210102215000","42","101",1176,1176,1137,39,0,333,333,317,16,16,0,317,145,172
"22P","Census Tract 22P, Philadelphia County, Pennsylvania","140","4210102216000","42","101",1865,1865,1761,104,0,443,443,421,22,18,4,421,167,254
"22Q","Census Tract 22Q, Philadelphia County, Pennsylvania","140","4210102217000","42","101",106,106,103,3,0,27,27,23,4,4,0,23,8,15
"22R","Census Tract 22R, Philadelphia County, Pennsylvania","140","4210102218000","42","101",1266,1266,1210,56,0,153,153,147,6,5,1,147,88,59
"22S","Census Tract 22S, Philadelphia County, Pennsylvania","140","4210102219000","42","101",0,0,0,0,0,0,0,0,0,0,0,0,0,0
"22T","Census Tract 22T, Philadelphia County, Pennsylvania","140","4210102220000","42","101",574,574,534,39,1,152,152,141,11,5,6,141,121,20
"22U","Census Tract 22U, Philadelphia County, Pennsylvania","140","4210102221000","42","101",4294,4294,4260,31,3,1290,1290,1220,70,65,5,1220,527,693
"22V","Census Tract 22V, Philadelphia County, Pennsylvania","140","4210102222000","42","101",2127,2127,2068,55,4,648,648,567,81,78,3,567,236,331
"22W","Census Tract 22W, Philadelphia County, Pennsylvania","140","4210102223000","42","101",2294,2294,2211,83,0,660,660,616,44,43,1,616,369,247
"22X","Census Tract 22X, Philadelphia County, Pennsylvania","140","4210102224000","42","101",3533,3533,3138,395,0,1082,1082,980,102,92,10,980,323,657
"22Y","Census Tract 22Y, Philadelphia County, Pennsylvania","140","4210102225000","42","101",6539,6539,4855,1676,8,1740,1740,1671,69,67,2,1671,766,905
"22Z","Census Tract 22Z, Philadelphia County, Pennsylvania","140","4210102226000","42","101",8269,8269,8099,170,0,2398,2398,2305,93,93,0,2305,1186,1119
"22AA","Census Tract 22AA, Philadelphia County, Pennsylvania","140","4210102227000","42","101",5040,5040,4128,909,3,1676,1676,1538,138,130,8,1538,559,979
"22BB","Census Tract 22BB, Philadelphia County, Pennsylvania","140","4210102228000","42","101",1735,1735,1667,67,1,737,737,646,91,87,4,646,162,484
"22CC","Census Tract 22CC, Philadelphia County, Pennsylvania","140","4210102229000","42","101",2163,2163,2013,150,0,887,887,788,99,80,19,788,230,558
"22DD","Census Tract 22DD, Philadelphia County, Pennsylvania","140","4210102230000","42","101",1951,1951,1418,533,0,605,605,533,72,71,1,533,153,380
"22EE","Census Tract 22EE, Philadelphia County, Pennsylvania","140","4210102231000","42","101",7308,7308,5665,1635,8,1842,1842,1754,88,86,2,1754,611,1143
"22FF","Census Tract 22FF, Philadelphia County, Pennsylvania","140","4210102232000","42","101",3474,3474,3255,219,0,922,922,879,43,43,0,879,480,399
"22GG","Census Tract 22GG, Philadelphia County, Pennsylvania","140","4210102233000","42","101",7703,7703,7356,343,4,1800,1800,1740,60,59,1,1740,743,997
"22HH","Census Tract 22HH, Philadelphia County, Pennsylvania","140","4210102234000","42","101",7559,7559,6703,855,1,2025,2025,1960,65,62,3,1960,644,1316
"22II","Census Tract 22II, Philadelphia County, Pennsylvania","140","4210102235000","42","101",7984,7984,6440,1541,3,2550,2550,2435,115,104,11,2435,948,1487
"22JJ","Census Tract 22JJ, Philadelphia County, Pennsylvania","140","4210102236000","42","101",5284,5284,5278,3,3,1571,1571,1524,47,44,3,1524,759,765
"22KK","Census Tract 22KK, Philadelphia County, Pennsylvania","140","4210102237000","42","101",4369,4369,3866,502,1,1439,1439,1352,87,80,7,1352,586,766
"23A","Census Tract 23A, Philadelphia County, Pennsylvania","140","4210102301000","42","101",1229,1229,1229,0,0,303,303,295,8,8,0,295,145,150
"23B","Census Tract 23B, Philadelphia County, Pennsylvania","140","4210102302000","42","101",2309,2309,2309,0,0,729,729,676,53,53,0,676,175,501
"23C","Census Tract 23C, Philadelphia County, Pennsylvania","140","4210102303000","42","101",1659,1659,1658,1,0,486,486,477,9,8,1,477,254,223
"23D","Census Tract 23D, Philadelphia County, Pennsylvania","140","4210102304000","42","101",7652,7652,7641,9,2,2287,2287,2236,51,51,0,2236,1372,864
"23E","Census Tract 23E, Philadelphia County, Pennsylvania","140","4210102305000","42","101",6091,6091,6069,18,4,2038,2038,1933,105,102,3,1933,979,954
"23F","Census Tract 23F, Philadelphia County, Pennsylvania","140","4210102306000","42","101",5376,5376,5336,40,0,1363,1363,1314,49,49,0,1314,603,711
"23G","Census Tract 23G, Philadelphia County, Pennsylvania","140","4210102307000","42","101",8210,8210,7120,1086,4,2455,2455,2402,53,49,4,2402,964,1438
"23H","Census Tract 23H, Philadelphia County, Pennsylvania","140","4210102308000","42","101",5796,5796,5770,25,1,1494,1494,1476,18,17,1,1476,772,704
"23I","Census Tract 23I, Philadelphia County, Pennsylvania","140","4210102309000","42","101",6362,6362,6194,163,5,1695,1695,1648,47,45,2,1648,654,994
"23J","Census Tract 23J, Philadelphia County, Pennsylvania","140","4210102310000","42","101",936,936,925,11,0,204,204,202,2,2,0,202,124,78
"23K","Census Tract 23K, Philadelphia County, Pennsylvania","140","4210102311000","42","101",5460,5460,5459,1,0,1273,1273,1261,12,12,0,1261,861,400
"24A","Census Tract 24A, Philadelphia County, Pennsylvania","140","4210102401000","42","101",566,566,554,12,0,28,28,21,7,7,0,21,8,13
"24B","Census Tract 24B, Philadelphia County, Pennsylvania","140","4210102402000","42","101",8602,8602,8318,282,2,2526,2526,2352,174,174,0,2352,574,1778
"24C","Census Tract 24C, Philadelphia County, Pennsylvania","140","4210102403000","42","101",12711,12711,8305,4392,14,3524,3524,3295,229,228,1,3295,872,2423
"24D","Census Tract 24D, Philadelphia County, Pennsylvania","140","4210102404000","42","101",12156,12156,5498,6648,10,3271,3271,3083,188,188,0,3083,647,2436
"24E","Census Tract 24E, Philadelphia County, Pennsylvania","140","4210102405000","42","101",5092,5092,3853,1233,6,1358,1358,1196,162,161,1,1196,274,922
"24F","Census Tract 24F, Philadelphia County, Pennsylvania","140","4210102406000","42","101",9865,9865,6651,3206,8,3520,3520,3095,425,420,5,3095,458,2637
"24G","Census Tract 24G, Philadelphia County, Pennsylvania","140","4210102407000","42","101",4811,4811,2241,2570,0,1418,1418,1340,78,77,1,1340,286,1054
"25A","Census Tract 25A, Philadelphia County, Pennsylvania","140","4210102501000","42","101",11664,11664,11644,3,17,3318,3318,3199,119,117,2,3199,1304,1895
"25B","Census Tract 25B, Philadelphia County, Pennsylvania","140","4210102502000","42","101",11653,11653,11219,434,0,2836,2836,2788,48,42,6,2788,1399,1389
"25C","Census Tract 25C, Philadelphia County, Pennsylvania","140","4210102503000","42","101",16574,16574,16564,0,10,3850,3850,3785,65,62,3,3785,2297,1488
"25D","Census Tract 25D, Philadelphia County, Pennsylvania","140","4210102504000","42","101",1067,1067,1054,13,0,240,240,234,6,6,0,234,120,114
"26A","Census Tract 26A, Philadelphia County, Pennsylvania","140","4210102601000","42","101",3037,3037,1090,1931,16,828,828,807,21,21,0,807,219,588
"26B","Census Tract 26B, Philadelphia County, Pennsylvania","140","4210102602000","42","101",8700,8700,7356,1339,5,2115,2115,2055,60,58,2,2055,735,1320
"26C","Census Tract 26C, Philadelphia County, Pennsylvania","140","4210102603000","42","101",10841,10841,10374,461,6,2296,2296,2230,66,63,3,2230,1246,984
"26D","Census Tract 26D, Philadelphia County, Pennsylvania","140","4210102604000","42","101",15342,15342,13156,2164,22,3472,3472,3423,49,46,3,3423,1719,1704
"26E","Census Tract 26E, Philadelphia County, Pennsylvania","140","4210102605000","42","101",21148,21148,21133,4,11,5156,5156,5069,87,80,7,5069,2281,2788
"26F","Census Tract 26F, Philadelphia County, Pennsylvania","140","4210102606000","42","101",1435,1435,1416,19,0,204,204,202,2,2,0,202,39,163
"27A","Census Tract 27A, Philadelphia County, Pennsylvania","140","4210102701000","42","101",3470,3470,2947,518,5,1119,1119,994,125,123,2,994,108,886
"27B","Census Tract 27B, Philadelphia County, Pennsylvania","140","4210102702000","42","101",5514,5514,4685,824,5,2204,2204,1923,281,182,99,1923,239,1684
"27C","Census Tract 27C, Philadelphia County, Pennsylvania","140","4210102703000","42","101",7289,7289,6868,419,2,3264,3264,2904,360,341,19,2904,424,2480
"27D","Census Tract 27D, Philadelphia County, Pennsylvania","140","4210102704000","42","101",2360,2360,1459,900,1,792,792,747,45,43,2,747,73,674
"27E","Census Tract 27E, Philadelphia County, Pennsylvania","140","4210102705000","42","101",2338,2338,1987,343,8,21,21,21,0,0,0,21,5,16
"28A","Census Tract 28A, Philadelphia County, Pennsylvania","140","4210102801000","42","101",11259,11259,10713,520,26,3380,3380,3206,174,163,11,3206,1177,2029
"28B","Census Tract 28B, Philadelphia County, Pennsylvania","140","4210102802000","42","101",10672,10672,4941,5729,2,2934,2934,2796,138,135,3,2796,660,2136
"28C","Census Tract 28C, Philadelphia County, Pennsylvania","140","4210102803000","42","101",17059,17059,13982,3071,6,4619,4619,4397,222,218,4,4397,1218,3179
"28D","Census Tract 28D, Philadelphia County, Pennsylvania","140","4210102804000","42","101",7315,7315,7311,3,1,2060,2060,1966,94,89,5,1966,749,1217
"28E","Census Tract 28E, Philadelphia County, Pennsylvania","140","4210102805000","42","101",3686,3686,3445,230,11,1263,1263,1184,79,79,0,1184,327,857
"29A","Census Tract 29A, Philadelphia County, Pennsylvania","140","4210102901000","42","101",11488,11488,7937,3543,8,3307,3307,3161,146,137,9,3161,968,2193
"29B","Census Tract 29B, Philadelphia County, Pennsylvania","140","4210102902000","42","101",12,12,12,0,0,4,4,4,0,0,0,4,0,4
"29C","Census Tract 29C, Philadelphia County, Pennsylvania","140","4210102903000","42","101",10724,10724,10589,128,7,3110,3110,2956,154,149,5,2956,1252,1704
"29D","Census Tract 29D, Philadelphia County, Pennsylvania","140","4210102904000","42","101",8439,8439,3311,5127,1,2125,2125,2046,79,78,1,2046,396,1650
"30A","Census Tract 30A, Philadelphia County, Pennsylvania","140","4210103001000","42","101",16554,16554,785,15752,17,4741,4741,4576,165,160,5,4576,564,4012
"30B","Census Tract 30B, Philadelphia County, Pennsylvania","140","4210103002000","42","101",11051,11051,4604,6433,14,2802,2802,2704,98,98,0,2704,666,2038
"31A","Census Tract 31A, Philadelphia County, Pennsylvania","140","4210103101000","42","101",12901,12901,12896,1,4,3554,3554,3407,147,146,1,3407,1145,2262
"31B","Census Tract 31B, Philadelphia County, Pennsylvania","140","4210103102000","42","101",9855,9855,9853,0,2,2548,2548,2465,83,80,3,2465,1160,1305
"31C","Census Tract 31C, Philadelphia County, Pennsylvania","140","4210103103000","42","101",3484,3484,3484,0,0,878,878,856,22,22,0,856,421,435
"32A","Census Tract 32A, Philadelphia County, Pennsylvania","140","4210103201000","42","101",7437,7437,2802,4548,87,2656,2656,2315,341,334,7,2315,222,2093
"32B","Census Tract 32B, Philadelphia County, Pennsylvania","140","4210103202000","42","101",2301,2301,1863,420,18,960,960,858,102,89,13,858,123,735
"32C","Census Tract 32C, Philadelphia County, Pennsylvania","140","4210103203000","42","101",10846,10846,5198,5646,2,3837,3837,3479,358,348,10,3479,558,2921
"32D","Census Tract 32D, Philadelphia County, Pennsylvania","140","4210103204000","42","101",14170,14170,1486,12678,6,4027,4027,3780,247,243,4,3780,518,3262
"32E","Census Tract 32E, Philadelphia County, Pennsylvania","140","4210103205000","42","101",15297,15297,13608,1683,6,4423,4423,4154,269,269,0,4154,1249,2905
"32F","Census Tract 32F, Philadelphia County, Pennsylvania","140","4210103206000","42","101",11,11,11,0,0,3,3,3,0,0,0,3,0,3
"33A","Census Tract 33A, Philadelphia County, Pennsylvania","140","4210103301000","42","101",0,0,0,0,0,0,0,0,0,0,0,0,0,0
"33B","Census Tract 33B, Philadelphia County, Pennsylvania","140","4210103302000","42","101",7429,7429,7372,46,11,2110,2110,2047,63,62,1,2047,814,1233
"33C","Census Tract 33C, Philadelphia County, Pennsylvania","140","4210103303000","42","101",2234,2234,2234,0,0,643,643,616,27,26,1,616,303,313
"33D","Census Tract 33D, Philadelphia County, Pennsylvania","140","4210103304000","42","101",184,184,184,0,0,45,45,43,2,2,0,43,29,14
"33E","Census Tract 33E, Philadelphia County, Pennsylvania","140","4210103305000","42","101",552,552,503,49,0,43,43,43,0,0,0,43,22,21
"33F","Census Tract 33F, Philadelphia County, Pennsylvania","140","4210103306000","42","101",3290,3290,3267,23,0,921,921,908,13,13,0,908,403,505
"33G","Census Tract 33G, Philadelphia County, Pennsylvania","140","4210103307000","42","101",12114,12114,12091,13,10,3277,3277,3218,59,55,4,3218,1496,1722
"33H","Census Tract 33H, Philadelphia County, Pennsylvania","140","4210103308000","42","101",9230,9230,9228,0,2,2466,2466,2423,43,37,6,2423,1177,1246
"33I","Census Tract 33I, Philadelphia County, Pennsylvania","140","4210103309000","42","101",15431,15431,15407,1,23,4238,4238,4136,102,101,1,4136,1746,2390
"33J","Census Tract 33J, Philadelphia County, Pennsylvania","140","4210103310000","42","101",13703,13703,13701,0,2,3789,3789,3700,89,85,4,3700,1488,2212
"33K","Census Tract 33K, Philadelphia County, Pennsylvania","140","4210103311000","42","101",2622,2622,2620,0,2,773,773,749,24,22,2,749,230,519
"34A","Census Tract 34A, Philadelphia County, Pennsylvania","140","4210103401000","42","101",2167,2167,2133,33,1,517,517,451,66,66,0,451,221,230
"34B","Census Tract 34B, Philadelphia County, Pennsylvania","140","4210103402000","42","101",1445,1445,1387,58,0,427,427,393,34,34,0,393,209,184
"34C","Census Tract 34C, Philadelphia County, Pennsylvania","140","4210103403000","42","101",1454,1454,1364,90,0,414,414,377,37,37,0,377,202,175
"34D","Census Tract 34D, Philadelphia County, Pennsylvania","140","4210103404000","42","101",3499,3499,3458,40,1,904,904,881,23,23,0,881,591,290
"34E","Census Tract 34E, Philadelphia County, Pennsylvania","140","4210103405000","42","101",5175,5175,5099,76,0,1288,1288,1247,41,41,0,1247,707,540
"34F","Census Tract 34F, Philadelphia County, Pennsylvania","140","4210103406000","42","101",7679,7679,7583,96,0,1974,1974,1897,77,74,3,1897,818,1079
"34G","Census Tract 34G, Philadelphia County, Pennsylvania","140","4210103407000","42","101",11,11,11,0,0,3,3,3,0,0,0,3,0,3
"34H","Census Tract 34H, Philadelphia County, Pennsylvania","140","4210103408000","42","101",15457,15457,13524,1931,2,3996,3996,3845,151,139,12,3845,1720,2125
"34I","Census Tract 34I, Philadelphia County, Pennsylvania","140","4210103409000","42","101",19999,19999,18056,1927,16,5816,5816,5522,294,274,20,5522,2612,2910
"34J","Census Tract 34J, Philadelphia County, Pennsylvania","140","4210103410000","42","101",2892,2892,2790,102,0,959,959,874,85,81,4,874,348,526
"34K","Census Tract 34K, Philadelphia County, Pennsylvania","140","4210103411000","42","101",101,101,90,11,0,25,25,23,2,2,0,23,18,5
"34L","Census Tract 34L, Philadelphia County, Pennsylvania","140","4210103412000","42","101",5,5,5,0,0,1,1,1,0,0,0,1,0,0
"34M","Census Tract 34M, Philadelphia County, Pennsylvania","140","4210103413000","42","101",12516,12516,12506,8,2,2977,2977,2893,84,79,5,2893,1507,1386
"34N","Census Tract 34N, Philadelphia County, Pennsylvania","140","4210103414000","42","101",90,90,89,1,0,18,18,17,1,0,1,17,10,7
"34O","Census Tract 34O, Philadelphia County, Pennsylvania","140","4210103415000","42","101",1,1,1,0,0,0,0,0,0,0,0,0,0,0
"34P","Census Tract 34P, Philadelphia County, Pennsylvania","140","4210103416000","42","101",13789,13789,8809,4963,17,3507,3507,3352,155,150,5,3352,1191,2161
"34Q","Census Tract 34Q, Philadelphia County, Pennsylvania","140","4210103417000","42","101",13333,13333,3381,9947,5,3207,3207,3126,81,78,3,3126,918,2208
"35A","Census Tract 35A, Philadelphia County, Pennsylvania","140","4210103501000","42","101",235,235,220,15,0,34,34,32,2,1,1,32,17,15
"35B","Census Tract 35B, Philadelphia County, Pennsylvania","140","4210103502000","42","101",138,138,138,0,0,36,36,36,0,0,0,36,18,18
"35C","Census Tract 35C, Philadelphia County, Pennsylvania","140","4210103503000","42","101",6060,6060,5075,981,4,10,10,9,1,0,1,9,5,4
"35D","Census Tract 35D, Philadelphia County, Pennsylvania","140","4210103504000","42","101",311,311,311,0,0,92,92,84,8,4,4,84,57,27
"35E","Census Tract 35E, Philadelphia County, Pennsylvania","140","4210103505000","42","101",473,473,473,0,0,133,133,128,5,5,0,128,89,39
"35F","Census Tract 35F, Philadelphia County, Pennsylvania","140","4210103506000","42","101",47,47,39,8,0,9,9,9,0,0,0,9,7,2
"35G","Census Tract 35G, Philadelphia County, Pennsylvania","140","4210103507000","42","101",338,338,337,1,0,100,100,96,4,2,2,96,46,50
"35H","Census Tract 35H, Philadelphia County, Pennsylvania","140","4210103508000","42","101",41,41,41,0,0,7,7,7,0,0,0,7,0,7
"35I","Census Tract 35I, Philadelphia County, Pennsylvania","140","4210103509000","42","101",116,116,115,1,0,30,30,29,1,1,0,29,14,15
"35J","Census Tract 35J, Philadelphia County, Pennsylvania","140","4210103510000","42","101",91,91,91,0,0,22,22,21,1,0,1,21,11,10
"35K","Census Tract 35K, Philadelphia County, Pennsylvania","140","4210103511000","42","101",267,267,261,6,0,70,70,63,7,7,0,63,42,21
"35L","Census Tract 35L, Philadelphia County, Pennsylvania","140","4210103512000","42","101",293,293,289,4,0,71,71,68,3,2,1,68,48,20
"35M","Census Tract 35M, Philadelphia County, Pennsylvania","140","4210103513000","42","101",160,160,159,1,0,35,35,35,0,0,0,35,19,16
"35N","Census Tract 35N, Philadelphia County, Pennsylvania","140","4210103514000","42","101",59,59,55,4,0,12,12,12,0,0,0,12,4,8
"35O","Census Tract 35O, Philadelphia County, Pennsylvania","140","4210103515000","42","101",69,69,64,5,0,20,20,18,2,2,0,18,11,7
"35P","Census Tract 35P, Philadelphia County, Pennsylvania","140","4210103516000","42","101",85,85,85,0,0,19,19,19,0,0,0,19,8,11
"35Q","Census Tract 35Q, Philadelphia County, Pennsylvania","140","4210103517000","42","101",1037,1037,1037,0,0,289,289,278,11,8,3,278,157,121
"35R","Census Tract 35R, Philadelphia County, Pennsylvania","140","4210103518000","42","101",140,140,140,0,0,37,37,37,0,0,0,37,19,18
"35S","Census Tract 35S, Philadelphia County, Pennsylvania","140","4210103519000","42","101",462,462,435,27,0,106,106,96,10,9,1,96,65,31
"35T","Census Tract 35T, Philadelphia County, Pennsylvania","140","4210103520000","42","101",200,200,130,70,0,39,39,36,3,3,0,36,15,21
"35U","Census Tract 35U, Philadelphia County, Pennsylvania","140","4210103521000","42","101",218,218,218,0,0,51,51,50,1,1,0,50,24,26
"35V","Census Tract 35V, Philadelphia County, Pennsylvania","140","4210103522000","42","101",108,108,106,2,0,12,12,10,2,2,0,10,4,6
"35W","Census Tract 35W, Philadelphia County, Pennsylvania","140","4210103523000","42","101",631,631,630,1,0,74,74,71,3,3,0,71,37,34
"35X","Census Tract 35X, Philadelphia County, Pennsylvania","140","4210103524000","42","101",6,6,5,1,0,2,2,2,0,0,0,2,0,0
"35Y","Census Tract 35Y, Philadelphia County, Pennsylvania","140","4210103525000","42","101",1587,1587,1584,3,0,429,429,419,10,9,1,419,296,123
"35Z","Census Tract 35Z, Philadelphia County, Pennsylvania","140","4210103526000","42","101",1717,1717,1710,6,1,491,491,476,15,13,2,476,261,215
"35AA","Census Tract 35AA, Philadelphia County, Pennsylvania","140","4210103527000","42","101",333,333,333,0,0,89,89,86,3,2,1,86,53,33
"35BB","Census Tract 35BB, Philadelphia County, Pennsylvania","140","4210103528000","42","101",34,34,34,0,0,8,8,8,0,0,0,8,2,6
"35CC","Census Tract 35CC, Philadelphia County, Pennsylvania","140","4210103529000","42","101",896,896,896,0,0,258,258,245,13,12,1,245,184,61
"35DD","Census Tract 35DD, Philadelphia County, Pennsylvania","140","4210103530000","42","101",1340,1340,1340,0,0,379,379,366,13,13,0,366,303,63
"35EE","Census Tract 35EE, Philadelphia County, Pennsylvania","140","4210103531000","42","101",466,466,466,0,0,133,133,126,7,7,0,126,71,55
"35FF","Census Tract 35FF, Philadelphia County, Pennsylvania","140","4210103532000","42","101",1895,1895,1873,21,1,446,446,438,8,8,0,438,278,160
"35GG","Census Tract 35GG, Philadelphia County, Pennsylvania","140","4210103533000","42","101",4599,4599,4598,1,0,1381,1381,1311,70,66,4,1311,982,329
"35HH","Census Tract 35HH, Philadelphia County, Pennsylvania","140","4210103534000","42","101",486,486,486,0,0,120,120,110,10,10,0,110,59,51
"35II","Census Tract 35II, Philadelphia County, Pennsylvania","140","4210103535000","42","101",119,119,119,0,0,31,31,30,1,1,0,30,19,11
"35JJ","Census Tract 35JJ, Philadelphia County, Pennsylvania","140","4210103536000","42","101",627,627,627,0,0,150,150,144,6,6,0,144,103,41
"35KK","Census Tract 35KK, Philadelphia County, Pennsylvania","140","4210103537000","42","101",3915,3915,3914,0,1,1043,1043,1023,20,19,1,1023,715,308
"35LL","Census Tract 35LL, Philadelphia County, Pennsylvania","140","4210103538000","42","101",1168,1168,1168,0,0,313,313,305,8,8,0,305,199,106
"35MM","Census Tract 35MM, Philadelphia County, Pennsylvania","140","4210103539000","42","101",266,266,265,1,0,56,56,56,0,0,0,56,43,13
"35NN","Census Tract 35NN, Philadelphia County, Pennsylvania","140","4210103540000","42","101",2307,2307,2300,7,0,634,634,620,14,14,0,620,380,240
"35OO","Census Tract 35OO, Philadelphia County, Pennsylvania","140","4210103541000","42","101",912,912,912,0,0,271,271,268,3,3,0,268,247,21
"35PP","Census Tract 35PP, Philadelphia County, Pennsylvania","140","4210103542000","42","101",1501,1501,1501,0,0,443,443,437,6,6,0,437,355,82
"35QQ","Census Tract 35QQ, Philadelphia County, Pennsylvania","140","4210103543000","42","101",531,531,531,0,0,163,163,157,6,6,0,157,141,16
"35RR","Census Tract 35RR, Philadelphia County, Pennsylvania","140","4210103544000","42","101",4832,4832,4832,0,0,1443,1443,1388,55,54,1,1388,959,429
"35SS","Census Tract 35SS, Philadelphia County, Pennsylvania","140","4210103545000","42","101",2799,2799,2799,0,0,816,816,796,20,20,0,796,586,210
"35TT","Census Tract 35TT, Philadelphia County, Pennsylvania","140","4210103546000","42","101",2447,2447,2447,0,0,862,862,780,82,79,3,780,659,121
"35UU","Census Tract 35UU, Philadelphia County, Pennsylvania","140","4210103547000","42","101",971,971,971,0,0,237,237,233,4,4,0,233,156,77
"35VV","Census Tract 35VV, Philadelphia County, Pennsylvania","140","4210103548000","42","101",4958,4958,4957,0,1,1381,1381,1354,27,26,1,1354,778,576
"35WW","Census Tract 35WW, Philadelphia County, Pennsylvania","140","4210103549000","42","101",2438,2438,2438,0,0,702,702,667,35,33,2,667,463,204
"35XX","Census Tract 35XX, Philadelphia County, Pennsylvania","140","4210103550000","42","101",5361,5361,5361,0,0,1638,1638,1534,104,103,1,1534,927,607
"35YY","Census Tract 35YY, Philadelphia County, Pennsylvania","140","4210103551000","42","101",8658,8658,8657,1,0,2289,2289,2173,116,113,3,2173,1002,1171
"35ZZ","Census Tract 35ZZ, Philadelphia County, Pennsylvania","140","4210103552000","42","101",2931,2931,2927,4,0,900,900,862,38,38,0,862,597,265
"35AAA","Census Tract 35AAA, Philadelphia County, Pennsylvania","140","4210103553000","42","101",1602,1602,1601,1,0,416,416,398,18,16,2,398,106,292
"35BBB","Census Tract 35BBB, Philadelphia County, Pennsylvania","140","4210103554000","42","101",529,529,520,9,0,152,152,137,15,15,0,137,50,87
"35CCC","Census Tract 35CCC, Philadelphia County, Pennsylvania","140","4210103555000","42","101",2784,2784,2782,2,0,739,739,718,21,21,0,718,171,547
"35DDD","Census Tract 35DDD, Philadelphia County, Pennsylvania","140","4210103556000","42","101",2697,2697,2679,18,0,624,624,587,37,37,0,587,172,415
"35EEE","Census Tract 35EEE, Philadelphia County, Pennsylvania","140","4210103557000","42","101",1398,1398,1396,2,0,401,401,394,7,6,1,394,288,106
"36A","Census Tract 36A, Philadelphia County, Pennsylvania","140","4210103601000","42","101",2654,2654,287,2361,6,757,757,738,19,19,0,738,158,580
"36B","Census Tract 36B, Philadelphia County, Pennsylvania","140","4210103602000","42","101",15468,15468,5945,9503,20,3679,3679,3594,85,84,1,3594,1104,2490
"36C","Census Tract 36C, Philadelphia County, Pennsylvania","140","4210103603000","42","101",18043,18043,13477,4554,12,4075,4075,3973,102,97,5,3973,1519,2454
"36D","Census Tract 36D, Philadelphia County, Pennsylvania","140","4210103604000","42","101",14333,14333,12997,1330,6,3283,3283,3191,92,92,0,3191,1037,2154
"36E","Census Tract 36E, Philadelphia County, Pennsylvania","140","4210103605000","42","101",2167,2167,1498,669,0,484,484,457,27,25,2,457,173,284
"37A","Census Tract 37A, Philadelphia County, Pennsylvania","140","4210103701000","42","101",2284,2284,2278,0,6,727,727,684,43,43,0,684,238,446
"37B","Census Tract 37B, Philadelphia County, Pennsylvania","140","4210103702000","42","101",6751,6751,6739,0,12,2155,2155,2064,91,88,3,2064,818,1246
"37C","Census Tract 37C, Philadelphia County, Pennsylvania","140","4210103703000","42","101",958,958,927,4,27,321,321,292,29,24,5,292,85,207
"37D","Census Tract 37D, Philadelphia County, Pennsylvania","140","4210103704000","42","101",2526,2526,2221,277,28,734,734,687,47,47,0,687,195,492
"37E","Census Tract 37E, Philadelphia County, Pennsylvania","140","4210103705000","42","101",527,527,520,1,6,212,212,201,11,11,0,201,42,159
"37F","Census Tract 37F, Philadelphia County, Pennsylvania","140","4210103706000","42","101",7035,7035,5757,1268,10,2242,2242,2131,111,110,1,2131,647,1484
"38A","Census Tract 38A, Philadelphia County, Pennsylvania","140","4210103801000","42","101",6258,6258,6199,53,6,1551,1551,1503,48,47,1,1503,708,795
"38B","Census Tract 38B, Philadelphia County, Pennsylvania","140","4210103802000","42","101",575,575,283,292,0,125,125,121,4,4,0,121,53,68
"38C","Census Tract 38C, Philadelphia County, Pennsylvania","140","4210103803000","42","101",1069,1069,1021,48,0,370,370,315,55,54,1,315,170,145
"38D","Census Tract 38D, Philadelphia County, Pennsylvania","140","4210103804000","42","101",3055,3055,3034,21,0,795,795,763,32,26,6,763,429,334
"38E","Census Tract 38E, Philadelphia County, Pennsylvania","140","4210103805000","42","101",4915,4915,4914,0,1,1296,1296,1269,27,25,2,1269,634,635
"38F","Census Tract 38F, Philadelphia County, Pennsylvania","140","4210103806000","42","101",10050,10050,10044,2,4,2544,2544,2488,56,55,1,2488,1163,1325
"38G","Census Tract 38G, Philadelphia County, Pennsylvania","140","4210103807000","42","101",10438,10438,9937,495,6,3433,3433,3181,252,228,24,3181,1078,2103
"38H","Census Tract 38H, Philadelphia County, Pennsylvania","140","4210103808000","42","101",14518,14518,12504,1994,20,4789,4789,4534,255,244,11,4534,1449,3085
"38I","Census Tract 38I, Philadelphia County, Pennsylvania","140","4210103809000","42","101",7037,7037,6847,186,4,1806,1806,1734,72,69,3,1734,656,1078
"38J","Census Tract 38J, Philadelphia County, Pennsylvania","140","4210103810000","42","101",15218,15218,15092,117,9,3968,3968,3890,78,72,6,3890,1947,1943
"38K","Census Tract 38K, Philadelphia County, Pennsylvania","140","4210103811000","42","101",30,30,30,0,0,6,6,6,0,0,0,6,2,4
"39A","Census Tract 39A, Philadelphia County, Pennsylvania","140","4210103901000","42","101",332,332,318,5,9,0,0,0,0,0,0,0,0,0
"39B","Census Tract 39B, Philadelphia County, Pennsylvania","140","4210103902000","42","101",19634,19634,19241,391,2,4782,4782,4635,147,143,4,4635,2042,2593
"39C","Census Tract 39C, Philadelphia County, Pennsylvania","140","4210103903000","42","101",24995,24995,23832,1152,11,6127,6127,5952,175,149,26,5952,2526,3426
"39D","Census Tract 39D, Philadelphia County, Pennsylvania","140","4210103904000","42","101",19840,19840,19769,40,31,4501,4501,4432,69,64,5,4432,2243,2189
"39E","Census Tract 39E, Philadelphia County, Pennsylvania","140","4210103905000","42","101",6324,6324,6162,140,22,1623,1623,1583,40,39,1,1583,607,976
"39F","Census Tract 39F, Philadelphia County, Pennsylvania","140","4210103906000","42","101",75,75,75,0,0,21,21,18,3,3,0,18,1,17
"39G","Census Tract 39G, Philadelphia County, Pennsylvania","140","4210103907000","42","101",0,0,0,0,0,0,0,0,0,0,0,0,0,0
"39H","Census Tract 39H, Philadelphia County, Pennsylvania","140","4210103908000","42","101",345,345,306,39,0,101,101,99,2,1,1,99,53,46
"39I","Census Tract 39I, Philadelphia County, Pennsylvania","140","4210103909000","42","101",124,124,123,1,0,40,40,38,2,2,0,38,16,22
"39J","Census Tract 39J, Philadelphia County, Pennsylvania","140","4210103910000","42","101",0,0,0,0,0,0,0,0,0,0,0,0,0,0
"39K","Census Tract 39K, Philadelphia County, Pennsylvania","140","4210103911000","42","101",1726,1726,1684,22,20,0,0,0,0,0,0,0,0,0
"40A","Census Tract 40A, Philadelphia County, Pennsylvania","140","4210104001000","42","101",508,508,143,365,0,123,123,120,3,3,0,120,20,100
"40B","Census Tract 40B, Philadelphia County, Pennsylvania","140","4210104002000","42","101",9145,9145,6670,2473,2,2341,2341,2240,101,99,2,2240,709,1531
"40C","Census Tract 40C, Philadelphia County, Pennsylvania","140","4210104003000","42","101",5019,5019,5013,5,1,1459,1459,1382,77,77,0,1382,573,809
"40D","Census Tract 40D, Philadelphia County, Pennsylvania","140","4210104004000","42","101",9445,9445,9434,9,2,2893,2893,2758,135,132,3,2758,1214,1544
"40E","Census Tract 40E, Philadelphia County, Pennsylvania","140","4210104005000","42","101",12417,12417,12410,6,1,3261,3261,3156,105,102,3,3156,1358,1798
"40F","Census Tract 40F, Philadelphia County, Pennsylvania","140","4210104006000","42","101",8505,8505,8493,11,1,2230,2230,2161,69,68,1,2161,990,1171
"40G","Census Tract 40G, Philadelphia County, Pennsylvania","140","4210104007000","42","101",26,26,26,0,0,4,4,4,0,0,0,4,0,4
"40H","Census Tract 40H, Philadelphia County, Pennsylvania","140","4210104008000","42","101",1120,1120,1120,0,0,234,234,230,4,4,0,230,92,138
"40I","Census Tract 40I, Philadelphia County, Pennsylvania","140","4210104009000","42","101",10596,10596,10584,1,11,2442,2442,2379,63,60,3,2379,972,1407
"40J","Census Tract 40J, Philadelphia County, Pennsylvania","140","4210104010000","42","101",5936,5936,5927,8,1,1609,1609,1523,86,83,3,1523,623,900
"40K","Census Tract 40K, Philadelphia County, Pennsylvania","140","4210104011000","42","101",5625,5625,5225,399,1,1412,1412,1379,33,31,2,1379,577,802
"40L","Census Tract 40L, Philadelphia County, Pennsylvania","140","4210104012000","42","101",14118,14118,14107,3,8,3636,3636,3558,78,71,7,3558,1540,2018
"40M","Census Tract 40M, Philadelphia County, Pennsylvania","140","4210104013000","42","101",9,9,3,6,0,11,11,7,4,4,0,7,7,0
"40N","Census Tract 40N, Philadelphia County, Pennsylvania","140","4210104014000","42","101",8279,8279,8240,37,2,2113,2113,2055,58,58,0,2055,601,1454
"40O","Census Tract 40O, Philadelphia County, Pennsylvania","140","4210104015000","42","101",3886,3886,3329,555,2,757,757,737,20,18,2,737,288,449
"40P","Census Tract 40P, Philadelphia County, Pennsylvania","140","4210104016000","42","101",2497,2497,2358,139,0,596,596,584,12,12,0,584,239,345
"40Q","Census Tract 40Q, Philadelphia County, Pennsylvania","140","4210104017000","42","101",2078,2078,1708,362,8,467,467,452,15,14,1,452,252,200
"40R","Census Tract 40R, Philadelphia County, Pennsylvania","140","4210104018000","42","101",23,23,23,0,0,7,7,7,0,0,0,7,2,5
"40S","Census Tract 40S, Philadelphia County, Pennsylvania","140","4210104019000","42","101",168,168,158,10,0,21,21,16,5,5,0,16,8,8
"40T","Census Tract 40T, Philadelphia County, Pennsylvania","140","4210104020000","42","101",27,27,27,0,0,8,8,6,2,2,0,6,1,5
"40U","Census Tract 40U, Philadelphia County, Pennsylvania","140","4210104021000","42","101",2769,2769,1316,1449,4,652,652,634,18,18,0,634,224,410
"40V","Census Tract 40V, Philadelphia County, Pennsylvania","140","4210104022000","42","101",2476,2476,1755,717,4,543,543,535,8,8,0,535,225,310
"40W","Census Tract 40W, Philadelphia County, Pennsylvania","140","4210104023000","42","101",1071,1071,549,522,0,240,240,240,0,0,0,240,114,126
"40X","Census Tract 40X, Philadelphia County, Pennsylvania","140","4210104024000","42","101",1978,1978,1120,857,1,434,434,422,12,11,1,422,195,227
"40Y","Census Tract 40Y, Philadelphia County, Pennsylvania","140","4210104025000","42","101",708,708,514,193,1,173,173,168,5,5,0,168,92,76
"40Z","Census Tract 40Z, Philadelphia County, Pennsylvania","140","4210104026000","42","101",78,78,0,78,0,13,13,12,1,1,0,12,10,2
"40AA","Census Tract 40AA, Philadelphia County, Pennsylvania","140","4210104027000","42","101",5,5,5,0,0,1,1,1,0,0,0,1,0,0
"40BB","Census Tract 40BB, Philadelphia County, Pennsylvania","140","4210104028000","42","101",7,7,7,0,0,1,1,1,0,0,0,1,0,0
"41A","Census Tract 41A, Philadelphia County, Pennsylvania","140","4210104101000","42","101",94,94,94,0,0,0,0,0,0,0,0,0,0,0
"41B","Census Tract 41B, Philadelphia County, Pennsylvania","140","4210104102000","42","101",316,316,315,1,0,59,59,59,0,0,0,59,48,11
"41C","Census Tract 41C, Philadelphia County, Pennsylvania","140","4210104103000","42","101",498,498,493,5,0,135,135,128,7,6,1,128,86,42
"41D","Census Tract 41D, Philadelphia County, Pennsylvania","140","4210104104000","42","101",79,79,79,0,0,20,20,19,1,1,0,19,12,7
"41E","Census Tract 41E, Philadelphia County, Pennsylvania","140","4210104105000","42","101",2013,2013,1388,625,0,229,229,208,21,21,0,208,96,112
"41F","Census Tract 41F, Philadelphia County, Pennsylvania","140","4210104106000","42","101",23,23,7,16,0,6,6,6,0,0,0,6,0,6
"41G","Census Tract 41G, Philadelphia County, Pennsylvania","140","4210104107000","42","101",3030,3030,2658,372,0,741,741,718,23,21,2,718,314,404
"41H","Census Tract 41H, Philadelphia County, Pennsylvania","140","4210104108000","42","101",4229,4229,4214,15,0,1203,1203,1152,51,50,1,1152,645,507
"41I","Census Tract 41I, Philadelphia County, Pennsylvania","140","4210104109000","42","101",8213,8213,8100,112,1,2083,2083,2007,76,67,9,2007,1299,708
"41J","Census Tract 41J, Philadelphia County, Pennsylvania","140","4210104110000","42","101",3246,3246,3245,1,0,973,973,932,41,41,0,932,684,248
"41K","Census Tract 41K, Philadelphia County, Pennsylvania","140","4210104111000","42","101",4645,4645,4645,0,0,1210,1210,1192,18,17,1,1192,671,521
"41L","Census Tract 41L, Philadelphia County, Pennsylvania","140","4210104112000","42","101",4357,4357,4356,0,1,1193,1193,1164,29,28,1,1164,665,499
"41M","Census Tract 41M, Philadelphia County, Pennsylvania","140","4210104113000","42","101",3047,3047,3047,0,0,835,835,821,14,14,0,821,383,438
"41N","Census Tract 41N, Philadelphia County, Pennsylvania","140","4210104114000","42","101",6478,6478,6475,2,1,1688,1688,1653,35,33,2,1653,731,922
"41O","Census Tract 41O, Philadelphia County, Pennsylvania","140","4210104115000","42","101",629,629,629,0,0,141,141,137,4,2,2,137,65,72
"41P","Census Tract 41P, Philadelphia County, Pennsylvania","140","4210104116000","42","101",285,285,281,4,0,70,70,70,0,0,0,70,11,59
"41Q","Census Tract 41Q, Philadelphia County, Pennsylvania","140","4210104117000","42","101",1461,1461,1214,243,4,256,256,254,2,1,1,254,120,134
"41R","Census Tract 41R, Philadelphia County, Pennsylvania","140","4210104118000","42","101",1474,1474,1287,185,2,7,7,7,0,0,0,7,2,5
"41S","Census Tract 41S, Philadelphia County, Pennsylvania","140","4210104119000","42","101",814,814,507,305,2,0,0,0,0,0,0,0,0,0
"41T","Census Tract 41T, Philadelphia County, Pennsylvania","140","4210104120000","42","101",3,3,3,0,0,1,1,1,0,0,0,1,0,0
"41U","Census Tract 41U, Philadelphia County, Pennsylvania","140","4210104121000","42","101",553,553,553,0,0,170,170,152,18,11,7,152,38,114
"41V","Census Tract 41V, Philadelphia County, Pennsylvania","140","4210104122000","42","101",266,266,262,4,0,63,63,55,8,8,0,55,37,18
"42A","Census Tract 42A, Philadelphia County, Pennsylvania","140","4210104201000","42","101",1499,1499,1499,0,0,457,457,454,3,3,0,454,263,191
"42B","Census Tract 42B, Philadelphia County, Pennsylvania","140","4210104202000","42","101",6294,6294,6293,0,1,1772,1772,1738,34,31,3,1738,1134,604
"42C","Census Tract 42C, Philadelphia County, Pennsylvania","140","4210104203000","42","101",1691,1691,1643,47,1,492,492,441,51,49,2,441,252,189
"42D","Census Tract 42D, Philadelphia County, Pennsylvania","140","4210104204000","42","101",3659,3659,3616,42,1,1073,1073,992,81,77,4,992,467,525
"42E","Census Tract 42E, Philadelphia County, Pennsylvania","140","4210104205000","42","101",8227,8227,8215,11,1,2514,2514,2477,37,36,1,2477,1907,570
"42F","Census Tract 42F, Philadelphia County, Pennsylvania","140","4210104206000","42","101",6939,6939,6929,10,0,2152,2152,2059,93,90,3,2059,1416,643
"42G","Census Tract 42G, Philadelphia County, Pennsylvania","140","4210104207000","42","101",128,128,128,0,0,71,71,46,25,25,0,46,36,10
"42H","Census Tract 42H, Philadelphia County, Pennsylvania","140","4210104208000","42","101",19,19,19,0,0,3,3,3,0,0,0,3,2,1
"42I","Census Tract 42I, Philadelphia County, Pennsylvania","140","4210104209000","42","101",18,18,18,0,0,5,5,4,1,1,0,4,1,3
"42J","Census Tract 42J, Philadelphia County, Pennsylvania","140","4210104210000","42","101",139,139,139,0,0,41,41,39,2,2,0,39,27,12
"42K","Census Tract 42K, Philadelphia County, Pennsylvania","140","4210104211000","42","101",325,325,325,0,0,176,176,96,80,55,25,96,75,21
"42L","Census Tract 42L, Philadelphia County, Pennsylvania","140","4210104212000","42","101",3632,3632,3626,6,0,1314,1314,1110,204,202,2,1110,869,241
"42M","Census Tract 42M, Philadelphia County, Pennsylvania","140","4210104213000","42","101",5441,5441,5419,14,8,1550,1550,1487,63,62,1,1487,585,902
"42N","Census Tract 42N, Philadelphia County, Pennsylvania","140","4210104214000","42","101",9197,9197,9144,47,6,2486,2486,2401,85,84,1,2401,1212,1189
"42O","Census Tract 42O, Philadelphia County, Pennsylvania","140","4210104215000","42","101",1708,1708,1666,42,0,438,438,415,23,23,0,415,277,138
"42P","Census Tract 42P, Philadelphia County, Pennsylvania","140","4210104216000","42","101",3835,3835,3833,2,0,1129,1129,1082,47,46,1,1082,717,365
"42Q","Census Tract 42Q, Philadelphia County, Pennsylvania","140","4210104217000","42","101",7484,7484,7470,0,14,2195,2195,2145,50,45,5,2145,1213,932
"42R","Census Tract 42R, Philadelphia County, Pennsylvania","140","4210104218000","42","101",3614,3614,3611,3,0,1115,1115,1091,24,24,0,1091,768,323
"42S","Census Tract 42S, Philadelphia County, Pennsylvania","140","4210104219000","42","101",3633,3633,3621,12,0,1076,1076,1019,57,47,10,1019,515,504
"42T","Census Tract 42T, Philadelphia County, Pennsylvania","140","4210104220000","42","101",4485,4485,4477,7,1,1387,1387,1294,93,93,0,1294,595,699
"42U","Census Tract 42U, Philadelphia County, Pennsylvania","140","4210104221000","42","101",7217,7217,6635,579,3,1955,1955,1907,48,45,3,1907,919,988
"42V","Census Tract 42V, Philadelphia County, Pennsylvania","140","4210104222000","42","101",5874,5874,5856,17,1,1898,1898,1619,279,217,62,1619,686,933
"42W","Census Tract 42W, Philadelphia County, Pennsylvania","140","4210104223000","42","101",3406,3406,3351,55,0,1160,1160,1070,90,90,0,1070,429,641
"42X","Census Tract 42X, Philadelphia County, Pennsylvania","140","4210104224000","42","101",132,132,130,2,0,20,20,18,2,1,1,18,12,6
"42Y","Census Tract 42Y, Philadelphia County, Pennsylvania","140","4210104225000","42","101",4463,4463,4459,4,0,1164,1164,1113,51,50,1,1113,530,583
"42Z","Census Tract 42Z, Philadelphia County, Pennsylvania","140","4210104226000","42","101",3729,3729,3729,0,0,1086,1086,1053,33,33,0,1053,599,454
"42AA","Census Tract 42AA, Philadelphia County, Pennsylvania","140","4210104227000","42","101",8127,8127,8121,3,3,2272,2272,2226,46,44,2,2226,1295,931
"42BB","Census Tract 42BB, Philadelphia County, Pennsylvania","140","4210104228000","42","101",3825,3825,3818,7,0,1029,1029,1010,19,16,3,1010,517,493
"42CC","Census Tract 42CC, Philadelphia County, Pennsylvania","140","4210104229000","42","101",110,110,110,0,0,27,27,27,0,0,0,27,9,18
"42DD","Census Tract 42DD, Philadelphia County, Pennsylvania","140","4210104230000","42","101",9312,9312,9306,2,4,2447,2447,2389,58,55,3,2389,1152,1237
"42EE","Census Tract 42EE, Philadelphia County, Pennsylvania","140","4210104231000","42","101",6389,6389,6387,1,1,1825,1825,1790,35,31,4,1790,873,917
"42FF","Census Tract 42FF, Philadelphia County, Pennsylvania","140","4210104232000","42","101",2776,2776,2773,2,1,789,789,769,20,20,0,769,331,438
"42GG","Census Tract 42GG, Philadelphia County, Pennsylvania","140","4210104233000","42","101",8786,8786,8777,6,3,2326,2326,2262,64,62,2,2262,1081,1181
"42HH","Census Tract 42HH, Philadelphia County, Pennsylvania","140","4210104234000","42","101",10064,10064,10015,31,18,3014,3014,2887,127,116,11,2887,1314,1573
"42II","Census Tract 42II, Philadelphia County, Pennsylvania","140","4210104235000","42","101",4943,4943,4932,7,4,1392,1392,1356,36,34,2,1356,716,640
"42JJ","Census Tract 42JJ, Philadelphia County, Pennsylvania","140","4210104236000","42","101",1588,1588,1588,0,0,435,435,418,17,17,0,418,168,250
"42KK","Census Tract 42KK, Philadelphia County, Pennsylvania","140","4210104237000","42","101",4385,4385,4381,4,0,1196,1196,1170,26,26,0,1170,632,538
"43A","Census Tract 43A, Philadelphia County, Pennsylvania","140","4210104301000","42","101",8240,8240,8238,1,1,2348,2348,2317,31,30,1,2317,1449,868
"43B","Census Tract 43B, Philadelphia County, Pennsylvania","140","4210104302000","42","101",7146,7146,6797,346,3,1918,1918,1844,74,72,2,1844,851,993
"43C","Census Tract 43C, Philadelphia County, Pennsylvania","140","4210104303000","42","101",6407,6407,6013,387,7,1811,1811,1713,98,97,1,1713,756,957
"43D","Census Tract 43D, Philadelphia County, Pennsylvania","140","4210104304000","42","101",17434,17434,17254,171,9,4754,4754,4627,127,118,9,4627,2415,2212
"43E","Census Tract 43E, Philadelphia County, Pennsylvania","140","4210104305000","42","101",11522,11522,11514,1,7,3293,3293,3185,108,101,7,3185,1543,1642
"44A","Census Tract 44A, Philadelphia County, Pennsylvania","140","4210104401000","42","101",13226,13226,11946,1275,5,3160,3160,2993,167,158,9,2993,1081,1912
"44B","Census Tract 44B, Philadelphia County, Pennsylvania","140","4210104402000","42","101",16221,16221,6614,9585,22,3947,3947,3854,93,91,2,3854,839,3015
"44C","Census Tract 44C, Philadelphia County, Pennsylvania","140","4210104403000","42","101",14296,14296,10124,4131,41,4217,4217,4035,182,181,1,4035,1264,2771
"45A","Census Tract 45A, Philadelphia County, Pennsylvania","140","4210104501000","42","101",3569,3569,3567,0,2,855,855,840,15,15,0,840,561,279
"45B","Census Tract 45B, Philadelphia County, Pennsylvania","140","4210104502000","42","101",12,12,12,0,0,8,8,8,0,0,0,8,2,6
"45C","Census Tract 45C, Philadelphia County, Pennsylvania","140","4210104503000","42","101",6885,6885,6884,1,0,1619,1619,1603,16,14,2,1603,1116,487
"45D","Census Tract 45D, Philadelphia County, Pennsylvania","140","4210104504000","42","101",362,362,362,0,0,89,89,89,0,0,0,89,29,60
"45E","Census Tract 45E, Philadelphia County, Pennsylvania","140","4210104505000","42","101",1189,1189,1188,1,0,322,322,281,41,41,0,281,134,147
"45F","Census Tract 45F, Philadelphia County, Pennsylvania","140","4210104506000","42","101",2118,2118,2113,0,5,630,630,619,11,11,0,619,283,336
"45G","Census Tract 45G, Philadelphia County, Pennsylvania","140","4210104507000","42","101",9037,9037,9033,0,4,2458,2458,2406,52,51,1,2406,1345,1061
"45H","Census Tract 45H, Philadelphia County, Pennsylvania","140","4210104508000","42","101",3151,3151,3096,55,0,756,756,747,9,8,1,747,458,289
"45I","Census Tract 45I, Philadelphia County, Pennsylvania","140","4210104509000","42","101",7994,7994,7978,16,0,1793,1793,1776,17,14,3,1776,1204,572
"45J","Census Tract 45J, Philadelphia County, Pennsylvania","140","4210104510000","42","101",1219,1219,1184,35,0,283,283,279,4,4,0,279,129,150
"45K","Census Tract 45K, Philadelphia County, Pennsylvania","140","4210104511000","42","101",21,21,21,0,0,12,12,8,4,2,2,8,0,8
"46A","Census Tract 46A, Philadelphia County, Pennsylvania","140","4210104601000","42","101",8982,8982,8789,186,7,3573,3573,3290,283,273,10,3290,447,2843
"46B","Census Tract 46B, Philadelphia County, Pennsylvania","140","4210104602000","42","101",10548,10548,9900,638,10,3357,3357,3176,181,171,10,3176,1050,2126
"46C","Census Tract 46C, Philadelphia County, Pennsylvania","140","4210104603000","42","101",8259,8259,7665,585,9,2245,2245,2122,123,114,9,2122,761,1361
"46D","Census Tract 46D, Philadelphia County, Pennsylvania","140","4210104604000","42","101",15169,15169,15147,13,9,4441,4441,4204,237,223,14,4204,1578,2626
"46E","Census Tract 46E, Philadelphia County, Pennsylvania","140","4210104605000","42","101",11151,11151,11094,49,8,2919,2919,2797,122,113,9,2797,1441,1356
"46F","Census Tract 46F, Philadelphia County, Pennsylvania","140","4210104606000","42","101",13191,13191,13180,7,4,3408,3408,3303,105,102,3,3303,1557,1746
"46G","Census Tract 46G, Philadelphia County, Pennsylvania","140","4210104607000","42","101",6655,6655,6639,3,13,1981,1981,1887,94,89,5,1887,971,916
"46H","Census Tract 46H, Philadelphia County, Pennsylvania","140","4210104608000","42","101",5874,5874,5810,64,0,2113,2113,1982,131,129,2,1982,690,1292
"46I","Census Tract 46I, Philadelphia County, Pennsylvania","140","4210104609000","42","101",5893,5893,5781,108,4,2399,2399,2232,167,155,12,2232,531,1701
"46J","Census Tract 46J, Philadelphia County, Pennsylvania","140","4210104610000","42","101",0,0,0,0,0,0,0,0,0,0,0,0,0,0
"47A","Census Tract 47A, Philadelphia County, Pennsylvania","140","4210104701000","42","101",13686,13686,8447,5220,19,5151,5151,4618,533,520,13,4618,654,3964
"47B","Census Tract 47B, Philadelphia County, Pennsylvania","140","4210104702000","42","101",5108,5108,505,4598,5,1461,1461,1355,106,96,10,1355,166,1189
"47C","Census Tract 47C, Philadelphia County, Pennsylvania","140","4210104703000","42","101",10678,10678,3426,7249,3,2296,2296,2122,174,173,1,2122,321,1801
"47D","Census Tract 47D, Philadelphia County, Pennsylvania","140","4210104704000","42","101",2486,2486,1327,1155,4,837,837,755,82,82,0,755,68,687
"48A","Census Tract 48A, Philadelphia County, Pennsylvania","140","4210104801000","42","101",18950,18950,18874,67,9,4364,4364,4290,74,58,16,4290,2501,1789
"48B","Census Tract 48B, Philadelphia County, Pennsylvania","140","4210104802000","42","101",2881,2881,2881,0,0,619,619,612,7,6,1,612,400,212
"48C","Census Tract 48C, Philadelphia County, Pennsylvania","140","4210104803000","42","101",4958,4958,4950,7,1,1298,1298,1256,42,39,3,1256,574,682
"48D","Census Tract 48D, Philadelphia County, Pennsylvania","140","4210104804000","42","101",656,656,656,0,0,154,154,150,4,3,1,150,44,106
"48E","Census Tract 48E, Philadelphia County, Pennsylvania","140","4210104805000","42","101",133,133,133,0,0,32,32,32,0,0,0,32,12,20
"48F","Census Tract 48F, Philadelphia County, Pennsylvania","140","4210104806000","42","101",10,10,10,0,0,3,3,3,0,0,0,3,0,3
